116642
117047
117151
117192
117215
117220
117224
117227
117233
117241
117244
117251
117259
117260
117261
117263
117264
117279
117281
117282
117284
117286
117295
117296
117301
117308
117312
118076
118095
118096
118101
118102
118113
118117
118125
118135
118140
118143
118151
118152
118163
118176
118185
118187
118189
118198
118204
118230
118232
118236
118246
118250
118271
118295
118297
118298
118300
118304
118305
118306
118311
118353
118356
118372
118373
118377
118401
118408
118413
118417
118418
118419
118425
118434
118435
118445
118459
118464
118467
118480
118505
118507
118510
118522
118524
118525
118528
118542
118552
118556
118557
118569
118590
118607
118620
118627
118628
118652
118710
118758
118760
118762
118763
118782
118790
118791
118800
118804
118807
118829
118847
118857
118861
118887
118888
118890
118891
118894
118896
118904
118912
118914
118915
118919
118924
118930
