117195
117202
117207
117211
117212
117213
117219
117225
117226
117228
117234
117236
117238
117240
117247
117248
117266
117280
117287
117289
117290
117297
117300
117305
117309
117466
117990
118060
118073
118075
118087
118093
118103
118105
118110
118112
118118
118136
118139
118142
118150
118154
118156
118164
118175
118192
118195
118196
118197
118202
118207
118214
118242
118245
118247
118248
118254
118256
118261
118266
118281
118284
118286
118289
118317
118340
118342
118346
118351
118359
118360
118361
118363
118371
118378
118392
118403
118404
118407
118412
118426
118443
118446
118460
118470
118472
118479
118485
118486
118492
118495
118498
118499
118500
118514
118517
118518
118532
118541
118547
118550
118558
118560
118562
118563
118564
118567
118573
118579
118580
118587
118606
118611
118614
118624
118625
118626
118630
118633
118637
118645
118646
118647
118660
118661
118668
118669
118678
118692
118697
118701
118702
118704
118706
118707
118712
118719
118720
118722
118723
118724
118730
118738
118741
118750
118755
118757
118767
118771
118775
118784
118788
118792
118797
118799
118801
118803
118806
118810
118813
118815
118816
118817
118818
118820
118822
118828
118832
118836
118837
118840
118842
118843
118844
118852
118853
118862
118866
118870
118893
118897
118902
118913
118916
118920
118923
118926
118928
93405
116642
117047
117151
117192
117215
117220
117224
117227
117233
117241
117244
117251
117259
117260
117261
117263
117264
117279
117281
117282
117284
117286
117295
117296
117301
117308
117312
118076
118095
118096
118101
118102
118113
118117
118125
118135
118140
118143
118151
118152
118163
118176
118185
118187
118189
118198
118204
118230
118232
118236
118246
118250
118271
118295
118297
118298
118300
118304
118305
118306
118311
118353
118356
118372
118373
118377
118401
118408
118413
118417
118418
118419
118425
118434
118435
118445
118459
118464
118467
118480
118505
118507
118510
118522
118524
118525
118528
118542
118552
118556
118557
118569
118590
118607
118620
118627
118628
118652
118710
118758
118760
118762
118763
118782
118790
118791
118800
118804
118807
118829
118847
118857
118861
118887
118888
118890
118891
118894
118896
118904
118912
118914
118915
118919
118924
118930
119186
119185
68488
119182
119181
57699
119178
119141
119176
119175
119170
119169
119151
119143
117150
117181
116389
116380
116376
116344
116374
116347
116329
116343
116359
116358
116354
116351
119135
119138
119140
119139
119053
119134
119118
119117
119091
119065
119108
119107
119100
119104
119102
119090
119086
119088
119087
119084
119082
119081
119077
119074
119079
119078
119076
119073
119066
119064
119062
119060
119058
119059
119052
119054
119050
119028
119045
119043
119040
119041
119042
119025
119027
118954
119026
119023
119015
119019
118985
119010
119005
118899
119006
119004
119003
118997
118995
118991
118988
118987
118984
118975
118952
118966
118963
118962
118958
118956
118955
118950
115305
115354
115351
115344
115341
115304
115269
114813
115318
115122
115312
115303
115300
114851
115291
115280
115279
115248
115220
115249
115123
115239
115257
115264
115118
115247
115134
115241
115238
115227
115218
115215
115223
115181
115169
115201
115202
115205
115022
115198
115184
115185
115193
115164
114604
115177
115175
115090
115151
114610
78733
115038
115083
115065
115077
115086
74725
115102
115103
115082
115099
114627
115098
115081
115050
114903
115034
114985
114614
63875
115049
115059
114984
115045
115042
115041
73312
115039
114935
115016
115007
115005
114983
115003
115002
114990
114613
114971
114886
114966
114965
114882
114963
114956
114895
114899
114881
114880
114877
114416
114623
114905
114879
114874
114871
114863
114861
114862
114104
114829
114853
114850
114847
114843
114833
114828
114322
114800
114797
114714
114686
114777
114755
114764
114772
114769
114753
114765
114761
114760
114759
114752
114751
114740
114703
114739
114685
114574
114680
114713
114716
114712
114679
114693
114668
114656
114647
114549
114260
114671
114655
114657
114639
114540
114622
114618
114594
114539
114566
114592
114590
114537
114575
114554
114556
114558
114551
114536
114509
114141
114504
114417
114474
114447
114445
114465
114446
114459
114441
114442
114131
114411
114388
114408
114314
114374
114370
114368
114364
114328
114303
114299
114349
114301
114332
114334
114335
114279
86348
114249
114310
114257
114246
114014
114192
114219
114165
114226
114275
114270
114248
114054
114245
114223
114240
114238
114227
114222
114221
114214
114206
114110
114173
114108
114170
114168
114111
114160
114036
114139
114053
113297
114124
114129
114057
114000
114076
114105
114090
113986
113998
113879
114037
114042
113995
114033
113993
113989
113942
113972
113971
113967
113938
113940
113906
113933
113920
113919
113902
113893
113822
113875
113874
113868
113099
113863
113795
113841
113821
113832
113833
113808
113815
113818
113784
113800
113782
113762
113772
113691
113749
113750
113741
113730
113738
113633
113694
113713
113711
113710
113634
113697
113660
113686
113688
113666
113664
113659
113662
113649
113631
113639
113630
113636
113621
113577
113594
113583
113578
113580
113575
113548
113499
113559
113497
113517
113495
113503
113508
113507
113484
113396
113476
113474
113461
113409
113382
113445
113439
113438
113422
113418
113406
113381
110969
113384
113362
113351
113342
113223
113308
113344
113309
113338
113140
113327
113326
113219
113246
113235
112636
113234
113233
113206
113215
113228
113221
113087
113069
113179
113170
113174
113169
113025
113154
113147
113023
113122
111795
113136
113127
113022
113104
113091
113021
113076
113071
112677
113000
113063
113035
113032
112891
112999
113009
112956
112981
112954
112957
112946
112893
112877
112921
112886
112904
112903
112888
112861
112884
112883
112882
112639
112860
112846
112844
112598
112786
112839
112638
112831
112832
112709
112810
112801
112785
112782
112778
112770
112768
112708
112750
112764
112762
112722
112746
112742
112741
111650
112738
112707
112729
112724
112725
112689
112698
112637
112615
112556
112644
112668
112655
112660
112652
112649
112640
112635
112555
112633
112623
112617
112607
112611
112609
112606
112604
112554
112599
112601
112597
112594
112592
112585
112581
112576
112580
112553
112578
112575
112568
112567
112563
112565
112564
112541
112524
112557
112230
112540
112533
119264
119259
119256
119248
119250
119249
119246
119242
119244
119239
119177
119217
119229
119240
119230
119225
119215
119218
119214
119212
119211
119204
119188
119207
119200
119199
119195
119198
119164
